30 312
13 16
17 20
16 28
7 27
6 10
7 23
15 22
5 13
22 27
18 27
18 20
11 14
15 21
6 26
29 30
10 24
9 29
5 24
12 22
14 15
6 22
3 30
11 12
8 24
2 8
8 29
7 26
20 30
10 30
16 22
25 27
13 26
13 29
20 21
9 16
12 18
3 10
19 23
22 26
7 11
4 10
5 20
8 11
4 11
5 7
2 4
19 28
24 30
10 11
7 24
13 27
5 11
9 28
7 9
20 25
25 29
10 28
9 26
2 21
3 16
5 8
10 26
25 26
18 30
14 28
3 15
14 20
7 10
10 12
8 10
9 30
9 22
14 22
11 17
4 28
6 21
16 27
3 24
4 13
21 24
23 30
11 22
12 17
4 14
24 25
10 21
20 22
11 21
19 20
19 30
9 10
8 16
11 25
14 19
11 15
7 14
20 28
15 19
15 24
17 24
6 9
1 19
8 27
8 20
10 20
4 5
13 19
17 23
11 28
3 4
1 18
21 26
8 26
11 13
8 19
12 26
12 15
8 15
17 30
11 24
1 4
6 18
2 22
10 13
22 23
4 15
1 22
9 19
2 17
21 30
1 13
11 20
15 25
14 25
25 30
10 17
6 19
3 26
10 14
4 21
10 22
1 8
9 20
6 16
2 25
28 29
18 26
11 29
4 7
9 17
21 23
11 18
1 2
2 5
6 25
15 18
17 27
5 29
3 5
4 22
10 29
1 30
9 23
2 3
8 9
19 24
18 19
6 15
8 23
10 15
3 19
4 16
12 16
4 27
26 29
4 20
16 21
22 30
17 19
7 16
1 10
9 13
10 27
7 29
24 27
5 18
15 27
5 30
2 28
3 11
22 29
13 23
18 29
1 28
19 26
12 19
24 28
2 19
8 30
16 17
19 22
3 14
11 30
13 24
11 26
21 29
7 20
6 7
19 25
18 24
14 21
18 23
12 25
19 29
3 6
21 27
4 23
1 5
10 25
5 28
13 20
1 7
5 19
3 9
4 19
13 14
4 12
28 30
27 28
3 12
16 25
11 23
12 28
20 24
17 29
11 27
6 12
9 12
4 18
22 24
13 30
6 28
4 30
1 14
4 6
5 17
7 19
2 7
7 15
4 24
3 29
26 28
1 3
14 17
13 15
9 21
16 19
4 26
10 23
9 14
2 20
5 25
9 24
2 10
3 23
6 27
5 22
1 9
4 17
11 16
7 30
5 21
4 25
4 8
16 18
9 27
3 27
14 18
8 12
12 21
2 11
10 16
4 29
2 18
6 13
23 25
10 18
9 25
17 26
15 17
2 13
8 14
15 28
1 24
1 11
5 9
5 10
7 12
6 17
19 27
1 21
1 17
23 28
2 9
3 20
9 18
19 21
9 15
12 13
1 25
6 8
6 11
