100 3867
47 91
53 65
23 41
40 43
31 93
40 44
36 43
45 75
79 85
51 95
41 58
8 39
54 58
42 57
21 78
56 90
54 81
44 85
73 80
13 27
15 35
7 84
30 77
53 100
5 88
9 53
77 86
83 93
13 96
26 29
3 34
17 67
46 64
30 76
13 91
29 61
22 49
33 34
33 56
12 37
56 80
4 84
19 20
48 58
16 79
40 85
11 41
81 82
22 85
59 93
67 95
42 88
1 73
52 98
61 67
59 63
32 41
15 24
26 51
7 46
51 92
65 74
8 58
28 75
10 46
16 77
13 40
15 67
37 67
16 93
56 66
48 72
14 94
46 68
6 32
22 34
4 44
61 63
68 97
4 49
15 31
81 85
4 41
4 11
67 77
10 45
46 59
15 44
45 89
5 99
10 15
13 47
1 15
50 57
10 22
48 78
40 60
12 75
71 88
23 91
45 100
23 71
29 95
16 82
60 90
62 96
15 50
41 97
56 81
2 71
44 46
20 38
19 60
85 96
5 44
76 97
1 100
93 95
58 64
2 41
26 72
7 90
22 27
66 76
3 96
52 61
69 73
59 72
16 95
16 39
12 23
38 96
1 18
73 88
72 79
41 76
22 28
50 54
73 85
64 93
2 52
66 86
19 90
28 94
45 51
7 98
23 84
35 98
28 45
59 90
71 72
22 86
57 94
29 45
22 69
1 56
9 25
51 75
16 29
36 85
39 92
14 59
14 89
36 66
8 57
17 19
55 66
10 19
14 40
47 70
34 63
57 97
13 74
57 91
79 96
21 53
11 36
11 51
12 70
16 47
17 28
45 98
1 62
64 71
31 82
32 63
39 45
32 40
5 36
1 72
78 89
62 67
9 28
21 98
84 91
33 75
4 38
5 65
8 50
42 60
13 21
8 23
15 78
35 42
9 23
18 34
32 86
46 73
35 49
71 81
41 59
43 51
39 69
45 53
28 73
11 26
37 52
30 54
16 30
57 60
76 95
10 97
29 57
11 77
27 90
51 62
2 14
13 45
15 60
22 61
4 69
37 45
3 100
3 24
39 87
46 65
44 71
47 93
22 48
34 78
10 54
17 93
48 55
65 88
16 90
10 86
45 77
15 88
68 74
59 68
25 75
3 94
59 86
17 21
35 45
68 87
33 70
47 80
23 43
15 75
4 81
28 58
25 72
15 94
23 92
53 64
49 65
41 60
4 58
58 76
1 33
45 99
46 77
21 28
4 29
14 39
39 80
9 36
22 42
83 89
4 62
32 36
16 26
20 89
28 32
23 68
1 21
13 87
21 50
35 99
43 80
23 60
66 90
23 28
26 38
25 43
3 95
87 97
15 54
41 56
7 69
41 53
2 45
26 61
17 72
36 91
14 58
80 92
18 99
61 80
29 64
23 89
7 71
29 30
7 12
24 62
23 59
52 62
52 89
39 97
53 98
4 65
40 41
2 49
12 38
13 29
37 66
62 88
47 72
24 51
9 78
41 92
7 15
27 79
45 54
9 66
16 44
27 69
18 82
12 47
82 98
79 92
2 67
69 88
71 95
58 87
6 21
16 65
17 39
7 80
62 65
31 48
38 41
11 100
30 53
91 100
15 20
32 98
17 57
13 85
31 63
15 17
9 12
48 77
2 97
40 91
12 27
6 76
17 99
34 60
14 92
33 59
32 54
62 97
2 33
21 88
31 53
13 15
75 85
72 87
16 80
56 70
28 42
21 22
4 40
57 70
32 53
92 95
5 7
55 94
9 95
15 28
20 61
17 24
19 30
54 77
49 100
45 63
32 58
61 79
2 26
4 77
56 91
3 77
34 36
14 86
31 37
26 100
3 23
84 92
2 39
93 96
45 70
40 99
47 66
10 63
38 44
51 65
16 31
12 48
38 89
35 85
59 85
10 37
45 56
25 40
11 13
12 86
18 23
78 95
9 49
31 70
23 32
13 23
39 72
67 72
29 96
14 32
27 46
74 84
12 43
30 63
28 82
16 98
90 99
33 52
42 86
19 84
62 86
21 30
70 83
57 99
59 100
18 97
39 59
39 82
32 85
86 90
2 18
15 93
27 40
17 86
59 79
26 42
31 58
5 48
12 30
2 85
40 51
25 47
3 16
13 44
46 89
76 99
28 100
30 85
11 39
10 29
44 92
33 54
24 54
4 83
86 96
28 64
5 13
37 47
12 91
66 72
95 99
12 61
21 47
36 83
15 33
21 62
29 33
19 37
77 85
52 83
58 81
99 100
9 69
8 96
67 70
39 58
77 82
22 71
2 46
4 16
39 41
38 87
54 62
42 50
12 19
13 67
27 31
79 83
31 32
53 55
4 20
56 57
4 22
4 27
42 69
79 89
75 95
28 83
12 74
61 65
5 17
5 67
28 84
20 58
26 36
8 68
69 70
21 37
60 85
10 57
50 66
94 99
20 86
22 45
13 26
5 38
3 68
22 41
42 97
31 98
14 35
4 98
17 20
41 65
2 55
2 80
44 45
36 71
17 50
5 22
58 85
33 35
8 85
68 85
70 94
9 74
4 19
6 96
58 99
7 45
55 61
31 45
22 37
52 81
64 91
49 53
29 100
29 94
19 59
36 56
32 83
20 32
31 49
26 49
33 93
58 77
21 25
5 80
34 83
53 71
23 46
45 84
35 91
3 56
89 99
88 94
59 69
6 61
78 97
5 29
6 56
9 81
20 23
51 94
22 23
18 54
18 44
8 86
53 56
27 63
77 99
55 79
62 79
3 81
16 45
89 90
46 70
20 88
4 26
1 70
70 88
39 86
38 48
23 30
19 35
25 64
4 80
73 79
38 97
14 82
10 66
12 20
4 56
16 55
70 87
25 71
59 78
13 48
33 77
34 44
50 93
63 81
38 79
60 98
68 84
35 41
73 95
24 63
57 88
33 68
22 65
19 52
4 14
38 64
65 93
50 98
18 71
8 64
50 56
20 96
56 74
16 51
42 99
6 22
25 65
39 70
26 66
25 78
72 85
38 67
11 45
22 68
7 19
5 53
63 85
19 67
4 8
24 94
43 81
66 79
36 65
18 88
36 62
18 91
37 51
10 93
10 12
66 95
55 58
5 97
45 76
51 72
52 58
11 79
69 77
1 30
43 57
24 80
10 69
12 31
1 84
44 89
25 56
4 24
26 60
54 89
67 81
13 36
23 61
6 92
30 86
3 10
82 89
53 96
32 79
7 35
3 72
55 57
7 47
60 64
18 35
22 94
10 74
6 31
35 93
40 89
50 51
56 92
72 81
6 84
6 55
23 52
21 31
53 80
97 98
89 100
82 100
62 80
20 68
3 85
57 61
66 97
42 67
8 65
18 61
39 96
70 98
13 93
5 16
80 94
23 98
56 87
74 78
9 24
21 87
77 87
73 81
23 62
47 65
12 72
47 97
25 81
19 36
65 71
27 80
31 44
26 88
4 93
10 49
19 76
9 67
35 87
8 40
10 20
24 81
5 15
37 82
61 99
31 38
60 80
34 81
17 52
2 70
48 85
2 61
42 83
60 91
15 37
70 85
40 93
75 93
75 84
26 52
1 42
29 31
21 93
51 83
39 47
6 13
4 39
15 82
76 83
63 68
65 69
13 28
63 78
12 14
53 87
55 89
30 48
16 54
48 59
30 36
18 66
28 59
9 70
36 92
18 50
25 92
49 56
36 81
37 41
22 70
5 74
44 95
61 87
39 67
54 100
43 85
19 80
9 91
31 92
76 84
8 30
83 88
26 30
15 36
44 75
1 40
25 57
10 14
6 45
11 22
5 72
26 70
54 60
6 43
15 21
24 56
22 43
10 41
12 98
2 68
22 44
57 71
45 52
55 83
25 77
9 26
43 48
78 85
19 75
47 95
28 47
33 83
23 40
4 17
22 47
49 88
87 95
66 94
75 91
10 18
57 86
35 53
20 33
13 18
4 33
60 97
8 95
71 93
50 74
80 86
88 100
9 90
53 95
11 92
39 68
56 95
23 34
29 50
15 52
47 64
15 97
12 100
61 84
72 80
24 26
14 15
20 71
42 46
8 77
14 34
39 64
15 40
59 74
44 66
89 97
31 34
26 74
27 71
24 49
15 80
20 75
52 65
26 73
25 37
36 37
43 90
55 73
36 84
28 81
79 97
59 97
12 63
15 79
40 96
53 85
18 32
84 89
20 73
75 76
1 89
56 98
35 63
17 71
65 86
42 68
49 60
57 83
58 65
23 44
71 79
45 82
7 58
6 89
3 60
27 81
10 73
56 93
39 79
2 83
33 64
55 91
1 39
33 100
27 54
26 87
12 90
57 85
15 51
22 24
71 82
30 93
13 57
17 51
68 70
24 61
4 15
28 56
20 94
31 77
59 91
11 81
53 68
38 81
45 88
45 83
63 76
45 62
19 82
1 37
45 69
18 92
86 87
18 67
82 93
4 71
55 56
77 78
60 84
18 24
61 88
20 66
23 58
50 53
28 78
75 92
6 100
33 48
18 86
56 63
65 99
33 96
60 99
1 92
8 12
30 79
65 92
33 38
33 43
21 55
5 8
44 86
22 63
11 33
31 51
41 68
21 99
46 83
39 50
38 45
76 80
46 96
69 83
50 69
79 84
29 75
35 46
53 72
19 23
25 31
85 87
27 51
31 89
1 77
8 60
7 65
48 53
60 75
29 82
19 95
36 50
23 80
50 97
83 96
10 62
4 34
13 79
17 18
3 82
10 64
47 55
29 83
46 47
27 98
23 67
39 65
74 92
44 62
1 9
17 23
84 94
40 77
5 90
41 66
35 40
32 87
25 66
21 24
27 93
89 91
73 98
53 93
26 93
21 52
48 56
43 49
61 81
14 37
73 99
13 65
39 60
67 97
25 62
21 45
22 99
12 77
8 27
63 83
46 76
53 92
21 68
69 72
40 64
5 25
11 55
21 72
19 39
31 76
31 59
43 91
54 95
6 57
85 89
6 65
16 57
51 78
8 82
26 56
30 67
22 52
55 97
15 77
30 31
8 13
39 74
14 78
80 81
13 20
5 52
23 75
57 92
54 59
5 23
76 87
55 100
2 24
8 31
84 87
36 68
3 19
29 97
18 56
75 97
33 94
12 52
30 51
32 97
4 59
29 37
55 77
78 84
79 88
34 59
74 88
37 39
39 91
60 68
36 42
16 89
15 83
63 84
15 30
2 76
7 34
74 89
24 57
26 46
26 76
18 27
5 100
28 61
13 55
43 66
44 97
27 85
60 93
49 81
21 94
41 43
32 48
48 89
18 62
42 89
54 57
2 57
9 22
31 35
5 40
4 30
24 97
20 56
1 38
12 51
47 74
4 82
24 74
29 40
64 65
36 57
17 79
2 53
45 71
70 74
6 83
23 36
19 83
11 15
24 39
40 87
24 64
3 15
2 38
28 96
87 89
16 23
40 58
83 91
17 80
66 96
16 91
2 22
25 100
45 87
11 80
57 98
7 33
13 25
38 60
64 70
38 86
54 86
19 71
11 21
57 66
10 98
24 91
43 45
9 73
20 53
69 96
53 97
39 88
10 88
40 49
6 70
1 5
83 90
10 21
8 37
38 55
13 50
85 90
67 85
47 84
3 65
48 71
39 51
9 35
53 61
14 76
73 86
77 84
67 92
18 31
3 39
24 99
23 76
57 58
5 81
40 79
60 69
15 68
19 28
20 97
42 70
5 93
36 100
4 47
73 74
62 92
65 97
2 28
13 98
67 90
4 79
29 65
18 87
48 60
8 43
8 19
12 93
3 12
65 80
16 25
27 44
65 78
41 81
51 55
29 81
26 43
18 38
53 73
34 62
41 47
63 64
34 72
27 39
26 45
68 81
16 52
11 82
74 76
17 63
19 25
61 91
20 60
34 66
3 58
43 54
53 75
78 88
47 79
37 72
10 48
27 96
30 64
21 81
33 72
54 64
57 89
16 66
63 77
8 15
41 94
45 92
37 63
72 84
37 74
43 44
66 70
91 97
45 48
15 64
61 97
30 49
30 100
87 94
69 71
12 82
66 92
44 64
24 79
39 76
77 91
13 77
49 71
37 61
37 40
23 39
33 74
27 74
58 80
46 60
33 89
18 75
60 87
8 78
16 53
23 90
10 85
14 71
22 36
75 83
29 34
59 89
38 54
11 23
67 88
59 67
28 55
76 90
75 88
27 89
36 72
50 87
40 57
32 88
6 19
18 69
63 66
96 98
24 95
40 75
19 99
21 34
4 87
6 85
39 61
4 94
45 66
39 56
58 63
32 50
37 73
31 42
67 73
21 29
41 86
33 90
13 32
66 67
29 77
55 70
4 78
65 98
29 85
23 99
21 40
74 77
1 85
35 36
18 100
12 96
14 31
55 64
19 42
46 94
1 94
3 73
56 97
15 92
48 73
4 13
65 77
74 85
16 64
28 39
42 87
43 78
64 67
12 36
17 96
56 89
2 84
55 68
9 97
19 27
15 89
86 95
36 94
38 69
6 97
20 82
30 84
23 77
83 98
55 59
5 63
28 62
63 65
45 55
81 83
14 56
26 50
59 64
56 99
66 78
84 99
80 97
26 94
47 49
6 15
35 88
41 72
4 61
17 58
13 97
54 75
90 94
44 88
11 57
18 77
8 71
25 76
22 31
39 48
2 29
77 88
37 55
3 70
54 55
37 58
79 82
60 74
21 97
31 85
13 90
9 31
27 75
13 95
40 82
11 96
19 40
13 54
1 4
16 88
58 66
10 35
78 90
4 100
51 61
5 78
69 89
1 97
34 98
25 82
12 32
70 81
58 72
26 67
40 53
27 32
1 82
39 73
52 59
6 77
14 43
25 55
6 34
23 53
3 88
22 89
16 78
13 88
18 48
46 85
15 39
7 81
42 94
13 80
26 98
54 71
47 58
35 62
3 35
22 100
39 89
19 86
11 32
10 68
6 73
47 99
14 95
59 75
6 64
42 58
21 84
27 34
41 73
52 84
76 98
12 46
51 71
71 99
37 42
21 44
19 56
12 29
21 96
58 94
24 27
31 46
33 47
37 77
34 92
54 94
32 46
58 96
48 100
69 75
60 66
32 56
6 30
36 70
62 63
53 59
39 94
33 82
12 42
8 32
69 95
7 29
65 73
31 52
29 55
3 33
8 11
42 44
18 60
18 43
52 82
49 82
28 89
36 64
63 97
35 75
85 95
11 95
8 47
32 38
21 80
81 93
55 93
94 98
16 94
39 54
59 62
15 100
37 98
51 53
39 43
2 65
24 93
75 94
43 99
25 59
10 65
61 68
28 72
42 48
7 53
6 94
65 87
41 88
38 83
23 24
21 83
23 88
21 57
36 96
41 50
13 42
43 92
30 44
1 53
12 56
40 69
14 64
15 66
3 71
4 25
85 97
15 43
65 94
13 69
31 57
3 47
2 87
45 46
17 65
25 42
3 62
8 97
11 61
24 37
35 66
2 56
34 50
6 40
37 94
16 63
42 52
12 28
4 72
44 56
6 81
26 40
7 100
38 40
18 58
14 42
62 66
1 27
4 90
49 61
40 98
33 99
10 23
22 98
38 99
53 91
59 82
55 62
41 42
8 61
33 46
14 84
35 43
4 5
70 100
11 97
19 72
65 76
56 69
43 46
43 72
95 100
90 92
9 63
20 50
24 90
56 94
59 88
17 26
54 82
24 36
24 88
1 19
17 69
32 51
27 29
9 87
12 80
72 88
41 75
86 91
15 91
59 84
23 45
24 84
62 82
27 48
22 64
40 97
38 51
27 33
31 40
13 39
20 31
43 88
19 51
24 40
21 32
34 94
84 93
9 60
35 61
38 91
32 45
34 90
67 82
8 42
22 67
8 70
37 65
50 62
12 44
24 66
69 78
4 55
36 88
4 43
14 70
35 95
18 96
55 76
15 42
2 93
2 73
2 74
85 99
11 18
41 70
24 55
77 95
7 57
52 57
57 93
2 81
19 63
44 78
6 66
62 74
12 49
5 18
60 89
3 13
1 11
69 86
9 85
16 21
80 89
2 75
36 77
63 72
48 68
35 51
40 78
51 66
40 72
18 40
10 87
44 84
66 82
49 77
19 94
15 72
3 27
82 97
63 82
14 18
17 95
23 81
7 88
17 33
78 99
18 29
38 88
54 61
49 97
2 99
44 94
54 70
25 39
42 74
31 86
7 91
41 55
13 63
11 12
55 71
52 97
20 35
63 71
50 84
53 83
5 46
37 99
81 91
22 32
17 22
36 55
3 7
12 92
7 24
36 40
20 65
9 84
37 81
52 68
51 86
48 70
33 61
1 61
20 84
84 97
55 60
74 100
30 55
55 98
47 88
5 82
33 97
17 81
43 77
42 92
3 18
53 70
46 66
38 57
24 53
21 86
46 88
80 85
17 98
81 99
26 96
7 8
12 67
44 61
31 60
3 64
63 70
73 87
5 87
29 88
73 100
21 64
7 87
2 43
15 32
8 100
20 27
26 63
47 86
24 31
7 28
27 97
26 80
34 70
88 90
46 100
23 87
7 39
25 58
15 76
27 35
6 86
1 57
40 83
2 3
47 94
68 99
4 64
61 66
23 82
2 27
14 77
1 81
3 53
30 87
68 69
46 92
34 71
1 16
6 23
33 60
15 46
57 62
39 99
23 49
29 32
13 66
55 99
11 63
8 45
25 96
16 24
38 78
21 73
6 50
40 54
19 58
17 62
58 90
74 96
23 48
58 100
65 89
13 46
16 60
9 44
9 46
18 68
6 38
20 39
43 100
66 73
37 46
16 48
21 89
36 78
51 58
9 39
52 66
66 100
66 87
6 59
35 48
11 84
26 78
32 55
17 41
3 11
51 77
10 32
24 30
45 73
16 84
10 91
32 99
19 79
24 29
16 22
2 25
7 95
25 38
39 42
50 88
45 65
50 80
7 97
38 53
22 97
19 97
76 86
20 77
19 43
68 88
49 86
28 76
44 76
19 77
34 79
11 67
20 30
35 69
19 31
57 79
73 84
7 54
21 69
53 74
42 54
76 88
13 72
3 17
54 92
82 84
49 50
11 48
37 85
3 5
85 88
97 99
56 73
3 75
21 38
42 90
20 85
12 21
60 83
25 95
30 70
31 97
54 84
19 38
8 22
1 12
15 62
33 55
4 46
5 6
24 100
64 74
31 61
63 86
40 94
22 92
19 89
40 56
61 90
43 55
5 62
49 73
35 96
6 26
29 42
55 80
12 94
4 91
20 40
41 57
30 52
10 52
21 35
23 37
55 72
11 46
19 29
7 63
6 33
15 98
11 17
30 47
29 68
21 63
28 71
33 73
13 17
10 96
4 53
42 55
40 80
51 60
38 65
42 65
28 31
72 95
2 69
39 84
15 69
37 57
2 36
58 97
6 75
41 62
2 66
17 91
33 51
22 96
12 73
8 72
72 93
39 98
20 92
17 49
3 61
14 81
71 97
32 43
6 72
11 52
1 76
52 60
74 95
24 52
66 83
6 71
60 63
19 87
11 44
18 63
36 45
19 78
56 59
15 85
44 53
11 28
22 25
65 96
7 55
87 96
29 73
12 45
6 11
13 62
58 67
8 24
20 24
37 91
41 83
89 98
22 50
24 48
11 88
64 85
25 45
6 58
10 61
35 54
18 19
11 65
44 68
44 72
30 39
32 66
54 66
72 76
56 85
62 76
45 79
32 68
41 64
48 75
12 68
26 79
38 95
28 35
12 95
7 67
51 96
32 39
37 43
50 94
71 94
62 89
8 35
4 73
20 55
24 65
23 64
53 67
50 86
32 74
8 56
19 26
11 66
75 98
26 55
64 87
4 36
39 53
47 54
41 95
21 65
44 100
51 84
5 21
26 75
9 18
14 27
34 49
13 75
48 92
14 33
46 81
31 72
34 53
46 55
9 19
18 55
54 56
12 89
16 28
12 17
71 98
3 31
14 97
80 95
23 27
39 85
18 72
31 96
49 72
42 93
8 83
21 23
40 66
68 86
8 88
23 79
23 47
13 53
33 86
49 94
35 44
5 96
31 56
57 100
13 38
41 45
33 50
25 53
69 76
66 68
32 72
31 73
21 75
10 40
66 88
85 94
4 99
15 25
62 69
15 38
67 78
62 93
74 83
7 31
2 91
38 90
53 88
25 50
11 93
31 55
28 92
12 88
28 50
21 27
17 74
21 77
49 95
43 63
36 47
21 70
38 39
1 64
26 85
50 99
7 93
35 80
63 75
18 20
54 68
41 82
17 25
83 97
34 45
52 76
27 95
41 77
26 58
29 66
18 46
5 28
18 59
82 85
51 88
59 65
60 81
23 26
49 96
84 96
12 65
23 38
44 58
30 38
19 21
49 83
21 59
69 92
60 88
14 72
7 56
58 88
28 77
4 86
13 34
20 76
57 95
12 39
14 45
55 67
28 40
38 50
81 94
18 79
15 45
10 31
51 82
38 76
60 95
49 85
36 76
9 79
50 91
4 57
95 98
27 65
22 82
3 26
22 30
26 44
81 96
9 80
63 88
10 28
9 54
4 21
11 30
55 86
11 19
26 37
2 35
4 96
32 82
6 82
47 90
32 80
15 47
29 78
4 45
12 85
45 86
13 52
90 95
1 88
34 56
25 33
75 81
45 78
68 75
51 57
11 25
81 87
15 55
13 71
33 44
55 90
57 59
8 66
36 89
45 57
44 81
15 23
42 73
7 40
2 59
14 62
25 35
53 90
63 92
9 92
24 92
39 49
41 61
26 59
73 91
19 54
24 41
44 70
20 22
28 33
39 40
12 64
78 98
5 49
37 44
88 91
84 86
8 26
92 99
33 80
85 98
45 49
74 75
33 85
95 97
7 85
19 73
81 86
12 62
33 88
43 96
53 82
17 100
31 66
20 81
34 76
21 36
45 95
44 83
19 66
15 73
9 48
51 85
38 93
57 78
61 70
59 80
24 76
50 85
18 85
64 84
3 30
26 34
8 81
33 45
72 99
54 73
4 66
92 98
17 31
75 80
5 98
86 88
5 41
40 48
29 89
20 37
33 66
34 57
10 55
6 24
62 95
40 62
66 81
8 16
33 78
30 74
40 63
70 84
5 51
51 89
35 84
22 72
22 78
29 39
51 73
7 61
6 39
68 76
22 87
36 97
47 63
60 79
36 95
49 62
5 26
26 97
1 59
53 58
12 71
47 51
15 65
55 95
92 97
20 78
92 93
9 100
34 69
21 46
25 97
47 56
32 64
20 95
64 83
31 71
40 68
21 90
34 54
19 88
1 24
10 39
68 91
25 73
4 51
66 85
31 75
44 47
21 48
4 50
2 31
93 100
35 71
12 58
66 74
39 71
4 10
20 83
61 93
66 77
20 47
19 61
15 58
35 67
1 65
90 96
37 97
14 57
71 74
42 63
46 95
41 84
31 47
49 84
53 66
20 42
51 70
23 54
67 94
42 85
12 60
73 75
19 68
15 59
12 78
12 24
27 72
36 82
57 90
65 75
65 85
80 83
27 57
44 55
28 65
16 49
22 54
38 52
26 90
16 97
14 65
59 70
54 88
19 62
27 66
1 43
52 78
47 98
19 65
19 55
86 98
38 46
63 94
1 22
26 86
40 55
23 66
50 63
4 52
9 34
46 72
21 74
30 98
36 86
26 77
32 35
61 85
6 88
62 84
25 85
32 69
13 83
43 98
66 75
32 57
90 97
34 55
26 39
10 67
34 35
26 64
8 73
76 93
78 91
5 79
76 81
87 88
5 20
4 6
25 27
78 87
24 69
33 71
40 67
76 79
97 100
15 71
17 48
2 89
81 89
49 89
22 62
25 60
27 36
18 42
6 42
12 16
31 69
57 96
38 49
20 43
57 87
26 54
18 30
73 89
45 90
68 79
8 92
30 99
10 44
55 69
78 79
10 95
79 86
21 79
23 35
80 88
48 84
53 77
40 84
2 19
50 79
34 40
9 29
2 78
27 41
1 60
48 61
23 25
51 100
24 45
34 39
8 94
30 81
26 41
22 91
14 38
23 73
17 90
21 58
49 58
12 59
42 80
23 29
67 71
50 65
40 76
37 90
24 87
27 49
47 89
10 26
47 69
47 53
22 39
34 48
27 67
70 71
25 88
70 91
12 50
45 50
1 58
36 38
85 100
37 69
38 73
32 93
19 46
52 73
90 100
29 38
66 93
81 98
45 94
2 40
57 73
19 41
23 78
16 33
10 59
24 28
48 62
46 82
16 92
52 85
19 53
75 99
3 32
30 88
48 57
14 23
4 54
37 48
27 84
69 82
11 54
49 92
50 55
55 87
43 67
48 50
69 84
53 94
34 52
3 78
29 53
77 79
33 87
33 63
57 76
33 79
62 90
21 71
13 41
74 97
33 36
13 14
27 43
24 25
26 47
46 84
26 35
4 23
45 80
70 97
22 56
44 77
15 41
34 41
49 78
47 92
8 17
8 10
16 19
5 85
82 87
58 69
60 67
79 94
27 45
14 50
52 64
47 57
53 86
71 80
22 83
40 59
58 84
22 79
74 82
7 78
36 61
81 92
2 100
16 46
15 95
88 93
88 97
51 64
15 49
45 91
40 86
1 31
31 67
9 65
3 9
53 89
23 74
83 99
30 61
2 12
9 52
38 74
21 56
21 39
4 63
72 83
84 95
32 81
25 61
32 84
9 88
34 91
34 46
75 100
14 66
66 84
52 72
58 73
2 79
84 100
18 52
2 11
21 41
29 86
10 43
18 64
26 65
24 47
38 71
52 92
48 86
7 86
1 50
12 66
37 84
69 85
4 89
56 78
48 82
12 25
74 81
37 95
42 84
45 93
49 70
86 97
31 99
59 98
11 87
68 80
82 91
31 43
17 45
26 82
73 90
70 93
55 82
64 95
1 78
9 42
9 77
52 86
77 90
18 21
65 72
40 95
71 76
65 100
14 75
5 12
2 88
21 60
93 94
3 84
11 85
89 94
18 37
38 85
45 61
19 98
64 90
19 69
8 59
37 49
39 57
27 30
21 33
41 96
32 91
12 55
20 70
48 76
64 79
61 82
9 61
80 96
39 46
67 83
14 47
60 92
3 4
46 86
15 29
53 54
4 76
70 95
29 35
53 62
96 100
6 9
11 40
29 92
84 98
12 35
7 22
9 45
34 43
14 21
26 68
59 61
29 43
27 88
14 30
5 14
23 63
21 67
16 41
60 70
2 63
17 97
7 41
31 39
44 65
58 93
34 99
18 90
73 97
22 80
5 27
40 71
31 81
39 83
50 90
43 53
77 97
6 12
45 74
47 67
1 86
3 86
33 98
22 74
25 83
2 51
13 81
31 50
30 90
6 17
59 66
8 34
34 85
13 89
69 94
21 85
6 68
72 94
13 24
31 95
29 71
69 81
23 86
81 95
45 60
18 93
55 85
60 72
14 16
30 41
22 55
19 96
4 67
28 43
26 95
19 22
22 59
91 92
66 71
5 84
46 78
5 64
15 86
1 13
1 68
40 81
63 73
8 84
7 21
37 79
19 92
59 87
33 49
52 96
23 57
5 91
36 59
62 91
4 88
60 71
21 51
60 65
51 81
45 47
49 68
5 61
84 85
22 73
66 91
3 22
83 87
9 41
28 34
68 93
62 85
6 16
55 63
46 58
54 97
23 83
35 57
1 83
33 40
42 66
51 76
61 89
42 95
15 19
12 40
61 95
45 97
8 33
18 95
25 32
16 36
21 49
31 94
91 94
22 93
1 32
37 89
32 67
4 12
54 65
17 46
23 42
28 30
41 89
37 87
17 40
23 65
12 76
25 34
46 50
8 76
89 93
38 80
14 61
7 23
6 37
13 84
19 47
54 83
51 68
30 91
12 99
84 88
6 27
46 57
40 42
87 92
20 34
49 66
80 82
68 98
29 47
66 80
52 95
7 99
48 66
33 39
20 62
5 30
57 69
58 79
30 45
4 7
21 42
35 52
40 50
4 9
28 60
58 98
5 54
52 70
46 61
88 98
31 54
17 88
26 92
81 97
68 95
3 43
48 94
7 26
12 54
4 74
16 74
32 59
23 100
27 99
32 65
41 100
45 72
8 53
61 69
27 55
45 81
8 75
33 42
85 86
19 100
65 90
27 52
14 26
66 99
40 100
12 87
20 64
25 86
42 53
45 68
44 57
52 55
42 81
64 80
64 69
33 37
23 94
25 68
23 85
40 65
28 70
7 74
12 69
3 66
56 67
67 86
35 97
36 75
17 53
40 52
55 88
12 83
3 50
15 87
18 28
33 76
22 40
9 51
28 97
29 70
5 11
10 84
20 100
68 90
11 86
22 46
30 33
22 76
37 80
3 40
83 84
34 93
19 93
43 61
6 35
31 90
38 84
31 80
2 15
43 97
18 73
64 81
47 52
50 67
61 83
17 87
15 48
83 95
35 55
10 81
16 87
4 31
27 28
56 84
31 74
36 58
14 60
26 48
48 95
18 70
73 77
40 74
14 24
18 94
6 47
19 48
10 99
48 83
22 66
2 6
12 34
58 91
9 21
28 53
57 80
82 94
85 91
75 96
36 73
27 53
46 53
42 98
25 89
71 91
52 53
31 84
82 95
52 56
8 21
9 20
16 99
8 18
44 96
25 70
42 96
3 97
11 53
5 45
67 68
74 94
20 21
28 57
8 62
3 45
4 92
8 20
42 49
39 95
48 81
2 44
25 26
13 99
75 79
8 55
64 78
11 99
18 89
34 74
39 44
57 72
23 70
18 76
88 99
25 94
84 90
26 71
19 74
77 80
30 66
15 70
52 71
9 33
31 64
3 38
44 82
22 29
19 32
88 89
85 93
19 49
65 84
26 69
39 62
21 92
71 77
92 100
26 31
9 57
31 78
1 17
29 56
27 47
18 36
46 62
52 75
53 60
24 98
78 93
19 24
1 45
54 76
29 60
33 41
38 63
20 59
31 41
83 85
23 69
18 65
34 65
63 95
37 88
18 47
28 85
46 97
23 72
14 73
35 79
5 95
3 76
86 94
56 75
22 51
78 81
17 36
11 31
62 81
8 9
93 97
40 46
39 81
30 69
5 31
30 57
41 79
51 97
33 58
70 79
77 94
14 22
76 85
17 38
67 76
72 74
63 100
15 63
1 26
46 71
4 48
22 58
64 88
24 72
75 90
31 79
31 91
55 84
17 75
72 98
31 33
60 61
66 69
16 69
89 95
23 55
2 95
47 87
21 61
53 79
14 88
24 67
18 51
16 18
22 90
32 44
14 19
55 74
17 29
1 2
86 93
10 51
57 65
20 45
13 16
56 88
56 65
21 76
26 99
8 89
39 77
5 39
10 36
32 52
10 79
72 97
52 100
31 68
19 33
16 40
1 47
82 88
3 83
11 75
69 97
65 70
6 10
7 51
1 7
3 92
29 72
17 44
34 95
55 81
2 8
14 55
73 93
87 100
7 44
43 74
57 68
23 51
13 49
65 79
26 62
35 92
11 69
34 88
29 84
23 95
1 66
48 88
6 53
13 86
22 88
5 86
29 76
94 97
26 32
3 89
7 52
27 78
40 73
20 26
22 75
56 64
34 80
39 90
45 85
21 100
28 66
9 98
43 79
1 35
49 59
49 76
71 84
2 13
66 89
33 91
17 85
41 71
58 68
4 18
6 18
27 87
33 69
52 77
4 32
35 64
82 99
52 88
22 95
13 31
82 90
80 100
31 87
53 99
48 65
62 87
25 30
50 81
36 39
20 72
43 95
5 19
11 90
15 99
28 37
50 64
44 50
31 36
57 82
55 75
22 38
33 62
30 46
77 98
65 95
79 95
14 83
81 90
3 42
26 28
7 20
94 95
36 60
1 23
41 78
29 62
57 64
4 95
3 37
43 84
1 55
31 62
49 75
50 52
38 66
14 74
31 83
23 50
9 15
7 49
62 77
20 57
5 33
40 47
19 70
47 73
7 66
15 27
64 97
61 98
7 18
15 34
28 95
42 76
52 94
55 92
34 87
49 57
1 96
22 60
64 99
65 81
61 74
21 54
10 53
26 27
31 100
32 100
80 84
17 66
18 80
30 80
27 83
45 67
39 63
81 88
2 21
24 33
1 71
15 90
11 74
11 14
48 64
19 81
13 76
6 60
37 93
15 61
18 45
38 70
16 67
62 98
28 86
64 100
40 90
30 95
30 83
4 28
78 80
78 100
54 85
1 75
19 57
42 91
36 53
17 59
66 98
18 98
69 100
75 87
15 74
17 55
47 85
18 49
89 96
65 67
19 50
65 68
32 49
67 89
30 42
46 56
26 91
16 81
10 80
67 75
71 87
28 88
7 14
4 75
14 17
7 25
28 52
25 84
24 44
63 96
50 100
53 69
30 65
42 45
27 91
2 98
6 62
24 85
9 99
68 92
96 99
26 83
62 100
57 77
73 92
34 67
28 68
5 92
43 69
13 22
4 68
73 94
77 81
42 79
28 38
4 35
12 13
10 34
5 66
21 26
6 78
19 64
7 48
39 93
58 74
71 85
33 92
23 93
18 41
47 81
2 4
15 16
13 19
54 72
57 63
32 61
9 55
13 51
45 58
41 85
61 100
24 46
6 95
10 90
21 66
4 70
34 84
35 59
24 71
1 10
35 39
71 89
48 96
57 67
18 83
70 90
55 96
10 25
64 98
3 57
77 93
18 74
34 97
71 90
23 56
39 52
74 86
30 97
1 95
32 95
34 51
43 93
96 97
81 100
83 92
18 78
67 84
14 96
4 37
31 88
91 95
40 70
22 77
67 100
23 33
76 78
82 83
43 87
47 48
32 90
76 91
3 59
2 90
27 86
51 59
17 84
78 86
35 81
35 60
56 79
21 82
42 51
33 67
11 20
12 97
14 68
6 7
91 96
95 96
18 25
9 14
12 79
59 95
58 59
3 21
9 11
38 98
50 95
39 100
72 90
14 85
44 59
58 71
2 20
58 95
10 33
79 100
8 38
21 91
57 75
5 69
72 91
51 56
5 55
88 96
70 99
2 23
35 65
15 96
3 55
16 85
29 58
12 41
16 20
98 100
46 75
1 34
18 39
5 57
33 95
23 96
2 54
4 42
49 55
13 33
39 78
43 64
32 33
14 100
19 34
37 54
26 89
72 86
55 78
17 54
59 99
15 56
22 35
43 52
49 64
11 29
11 98
86 99
29 59
64 92
44 73
44 60
45 59
9 93
54 96
53 63
40 92
40 61
39 75
79 81
65 82
65 83
9 40
19 91
30 40
21 43
75 78
45 64
19 44
53 76
43 65
35 74
7 79
67 96
65 66
65 91
70 80
11 91
4 60
63 89
53 78
54 78
35 90
7 36
37 53
33 65
48 97
85 92
10 78
57 74
14 53
64 66
62 99
45 96
2 48
88 92
60 73
59 81
11 49
