100 4950
52 92
50 82
7 45
12 44
20 25
41 80
46 77
26 76
57 63
71 75
2 40
22 87
10 90
40 71
51 76
49 84
24 77
85 96
40 84
27 58
3 96
9 14
37 77
18 85
64 89
46 78
18 83
20 38
5 56
73 93
19 22
27 72
80 86
4 84
11 80
27 55
45 52
31 45
50 66
35 85
40 97
20 90
16 51
60 99
33 51
3 86
4 67
33 79
56 84
30 45
12 38
79 96
6 54
47 51
43 53
53 73
59 78
29 82
64 68
94 99
68 98
9 60
18 40
7 37
48 91
75 78
34 71
33 61
13 20
29 47
5 24
28 69
49 100
84 100
53 93
32 83
37 95
41 48
82 98
70 80
22 41
13 34
56 78
57 79
32 34
72 89
8 45
60 80
69 82
20 82
66 73
18 31
21 43
1 7
6 94
17 30
45 97
91 99
15 33
16 88
26 48
20 45
30 95
12 33
81 89
33 92
26 32
15 82
9 21
79 97
30 58
38 82
4 40
20 85
29 77
56 83
20 66
9 88
79 89
17 93
18 65
3 90
79 94
53 55
95 99
81 90
35 62
3 38
36 75
50 75
26 44
3 46
83 93
21 80
28 56
33 81
46 81
85 100
4 81
37 43
26 64
80 100
28 95
42 50
4 43
50 65
25 93
26 71
61 78
9 11
31 39
1 86
32 58
24 69
89 90
43 81
31 89
47 82
59 73
40 50
38 87
5 80
23 65
54 80
7 68
5 35
88 94
18 79
2 26
35 75
26 56
14 73
18 32
27 75
61 94
10 23
57 87
9 82
27 57
35 38
24 40
69 92
29 36
88 100
65 98
2 66
48 56
38 48
14 72
14 19
5 31
50 95
10 49
7 20
57 92
2 93
56 73
26 81
11 25
38 94
14 86
6 60
20 78
32 56
12 86
81 83
8 34
45 94
29 80
80 93
39 83
50 72
52 66
29 62
42 60
14 84
4 8
68 70
83 92
4 42
28 37
21 53
30 37
59 98
69 89
49 50
30 99
61 66
43 55
43 95
51 61
53 100
2 67
8 71
23 95
67 94
15 27
36 91
56 79
12 57
11 49
45 67
10 64
1 22
16 100
12 20
52 96
4 57
35 60
17 64
32 53
7 10
66 80
6 15
11 59
36 67
10 65
51 92
35 68
61 100
67 71
48 77
11 16
16 28
47 63
53 92
9 97
45 96
53 87
8 40
79 92
35 50
65 89
70 96
18 58
88 98
36 83
60 65
7 47
76 91
25 42
17 27
48 98
6 33
51 97
75 99
22 72
19 23
12 55
16 22
10 38
15 83
33 34
10 14
4 79
18 55
9 15
19 82
57 81
54 98
27 51
49 64
52 85
13 39
5 73
54 64
39 82
5 6
76 96
85 93
44 51
52 75
55 94
35 40
4 46
56 90
50 68
27 60
37 55
32 35
29 76
10 28
45 75
32 71
79 84
51 53
19 57
50 94
36 37
81 94
3 53
1 40
45 91
71 98
43 44
28 77
39 100
30 48
12 17
89 94
3 23
74 88
29 78
81 92
19 46
50 60
80 84
17 89
55 96
18 23
12 63
5 98
56 91
10 71
17 22
57 62
14 76
55 100
72 93
8 26
85 97
29 57
34 51
8 24
1 99
35 89
91 95
1 96
38 47
48 65
42 86
75 97
49 63
2 50
11 61
47 64
17 80
62 93
14 31
44 87
10 74
44 49
8 50
57 84
59 61
47 67
52 84
14 41
42 53
59 92
36 55
64 88
36 98
45 58
41 69
68 78
34 92
15 62
9 81
34 63
57 94
72 79
42 66
14 38
38 39
38 41
45 90
31 55
24 74
32 97
15 19
13 61
83 95
55 68
40 59
37 74
4 54
53 85
92 100
4 27
25 59
45 50
7 76
27 70
83 98
35 100
24 61
24 68
24 44
3 80
54 96
50 83
2 76
23 88
53 60
12 30
61 81
8 74
22 73
54 69
53 56
6 61
33 74
32 77
12 60
34 98
30 72
20 87
43 78
39 85
51 58
20 23
27 92
12 87
2 80
6 40
26 87
4 28
40 70
50 76
46 86
66 70
38 98
32 88
46 50
43 57
26 74
23 87
25 34
7 65
16 60
43 62
55 88
29 70
52 76
7 15
64 87
19 26
22 56
15 70
65 72
28 48
1 27
22 39
12 70
5 37
15 92
14 42
50 62
53 79
33 42
70 84
36 46
41 43
63 81
80 96
63 84
5 32
49 65
38 76
71 93
7 50
43 60
43 66
51 98
71 86
48 82
3 62
58 76
65 83
11 71
39 65
1 88
55 78
16 42
22 82
24 73
33 54
57 97
65 70
5 14
60 98
8 47
30 77
41 90
51 84
3 85
61 99
34 42
58 73
22 96
27 98
7 27
12 91
53 69
52 54
13 48
10 32
3 25
11 22
19 60
68 97
2 12
69 71
9 34
17 91
66 97
37 41
19 92
23 46
19 86
4 99
2 38
6 24
28 84
5 47
29 89
36 73
35 82
40 57
52 74
20 31
19 67
56 70
40 98
4 48
7 83
33 45
59 71
85 92
23 41
3 18
2 87
6 49
14 77
17 84
14 21
22 77
15 18
36 64
46 65
14 24
49 53
26 58
24 75
42 44
52 61
18 70
75 84
53 77
68 93
7 88
44 45
7 35
3 41
9 84
17 54
54 88
84 88
11 14
13 26
41 83
16 49
11 95
87 98
81 95
5 100
44 96
5 77
30 36
21 95
5 25
38 46
6 32
82 88
62 70
7 13
86 98
12 29
18 81
33 41
51 60
37 100
20 26
97 98
8 98
36 43
31 38
42 64
16 20
60 66
29 96
50 59
40 54
73 88
9 83
32 33
45 51
36 86
1 91
70 89
76 85
17 83
18 27
21 100
65 90
52 97
8 69
42 54
88 90
43 89
61 83
4 12
36 42
56 81
49 86
35 98
26 28
9 16
16 18
48 70
50 99
54 55
34 81
12 77
4 53
7 18
17 63
56 67
43 92
21 66
65 96
9 66
17 25
15 81
9 56
19 80
68 89
74 98
34 44
60 97
31 34
10 53
19 88
18 51
71 88
90 91
87 91
25 84
28 68
9 93
33 88
47 96
27 64
49 73
38 96
16 39
77 88
13 85
71 80
55 99
63 68
10 11
4 51
64 93
81 97
52 79
13 49
83 86
73 83
5 74
10 62
32 81
10 81
70 71
56 88
66 68
2 31
17 98
25 100
27 83
57 80
78 100
47 100
28 44
14 64
8 68
21 93
19 36
44 55
21 75
31 40
78 93
33 95
43 96
11 81
54 78
1 48
2 9
18 69
55 93
47 70
30 61
13 89
49 92
50 57
20 58
36 94
72 84
7 32
6 53
25 36
34 72
44 83
29 94
13 50
40 88
2 41
66 98
53 99
36 95
65 71
3 10
50 91
44 100
40 60
28 80
27 35
45 62
26 100
23 79
36 45
9 43
54 83
75 76
42 84
32 86
39 87
1 29
25 80
22 69
41 75
74 87
61 68
43 77
51 86
39 70
44 71
42 85
84 97
39 74
47 92
25 82
6 52
30 35
8 15
11 86
16 37
17 20
8 18
46 94
1 60
34 55
23 70
29 85
94 98
24 51
35 83
46 74
20 59
31 93
55 60
48 80
15 44
15 39
17 88
49 98
62 71
7 44
48 93
7 80
41 71
29 92
71 92
72 75
15 97
18 82
20 43
23 71
67 82
46 68
22 32
37 73
16 29
52 73
7 12
26 79
52 89
17 57
30 62
35 59
59 60
21 56
36 49
34 97
13 35
7 98
7 66
66 79
12 52
70 82
60 74
71 79
17 79
51 83
32 80
13 71
26 78
6 68
38 72
11 53
5 71
33 100
72 78
3 20
6 31
19 59
21 51
59 64
59 70
35 65
29 61
50 77
33 52
8 93
40 67
55 84
28 52
25 58
53 84
78 92
5 63
64 66
85 99
35 77
60 63
42 47
39 46
48 85
66 99
23 54
15 34
39 67
19 72
21 67
80 99
70 100
15 23
26 63
2 48
14 54
43 99
25 73
38 66
21 33
79 100
79 98
16 93
16 73
14 43
30 79
15 86
3 19
69 77
22 35
46 89
48 52
30 56
53 97
11 54
95 97
19 53
6 11
47 62
10 88
47 93
55 65
67 89
46 85
9 98
34 84
53 76
41 98
14 46
1 33
60 68
37 96
62 74
68 69
48 69
76 100
26 96
55 74
9 54
33 82
42 93
82 93
15 71
20 52
28 71
15 90
20 40
43 86
47 85
6 39
2 83
23 47
66 88
46 91
33 46
12 64
36 53
19 69
34 96
76 89
10 26
24 39
26 41
3 55
64 90
3 27
49 99
6 34
13 55
22 33
23 29
67 68
20 33
81 96
96 100
17 70
38 44
77 95
6 65
35 67
46 57
18 66
30 82
31 41
8 23
25 76
36 78
50 87
58 83
26 92
66 78
46 56
21 89
7 62
78 80
14 45
22 88
19 64
43 52
4 82
60 69
10 39
28 76
33 63
84 96
81 87
4 65
44 79
12 85
41 53
37 78
63 77
34 62
16 82
76 81
25 44
2 71
3 63
15 50
54 86
13 75
16 78
72 100
34 87
54 68
24 42
3 50
74 77
11 73
6 95
17 31
6 70
7 33
28 35
30 40
11 62
44 52
26 45
29 73
64 70
62 77
24 47
16 76
12 92
52 64
3 34
64 92
34 69
37 88
79 82
16 38
60 75
3 16
34 50
29 43
9 10
25 99
6 91
18 21
9 23
23 61
1 32
51 90
13 80
62 85
43 79
1 73
85 95
36 79
19 30
34 60
7 82
3 88
11 35
69 95
1 6
45 49
51 75
9 94
43 64
6 84
8 32
5 92
45 46
46 47
71 78
8 62
13 42
18 95
39 52
5 79
46 92
2 32
64 86
35 63
2 96
58 93
55 72
8 57
39 55
26 46
3 7
31 72
54 87
41 62
7 54
17 50
46 84
42 51
75 87
39 43
21 98
7 63
8 75
37 60
5 76
86 95
24 72
37 86
15 84
59 91
87 99
14 33
15 68
4 96
10 43
42 68
2 39
46 96
46 48
24 59
48 90
47 68
7 79
60 70
10 93
67 74
21 81
23 94
18 34
47 76
38 69
61 98
84 89
5 41
63 66
31 53
52 87
48 86
10 50
84 90
9 86
47 55
16 67
57 67
54 95
60 77
22 31
15 35
11 37
18 48
52 56
41 60
21 82
56 89
56 65
54 63
22 95
6 21
46 61
5 97
15 87
75 90
72 98
14 18
34 89
51 88
5 9
66 95
20 89
21 86
5 17
15 48
39 71
61 77
14 99
9 65
69 97
2 91
24 30
56 61
51 56
45 73
40 49
61 80
4 75
36 59
83 88
9 25
24 95
17 37
42 55
16 83
13 84
14 74
8 42
11 38
5 81
22 94
44 54
21 65
39 50
33 77
34 56
9 71
1 67
1 82
9 100
26 93
76 86
40 94
32 54
31 44
36 52
60 87
2 35
16 86
56 63
33 69
58 71
75 82
49 56
40 99
20 77
41 68
40 69
34 48
57 83
18 25
10 17
15 47
7 60
12 28
9 52
48 75
30 46
22 76
3 92
35 96
36 58
1 95
45 68
19 79
55 95
13 99
22 26
29 97
8 17
29 30
3 99
31 92
26 59
10 30
32 67
29 93
67 69
2 44
40 58
71 82
12 16
57 91
13 95
25 69
37 87
45 54
40 77
11 23
63 74
11 66
27 42
71 89
52 94
5 49
17 48
27 49
53 54
30 39
47 48
63 65
68 99
89 97
58 62
28 38
38 78
95 98
46 83
46 52
45 77
53 83
13 98
3 61
12 68
1 79
50 89
29 33
49 54
34 53
1 87
30 68
14 29
9 57
8 82
17 52
80 83
38 74
82 87
14 49
16 55
27 94
63 75
26 89
16 87
78 96
77 93
58 84
28 81
14 35
8 60
15 53
33 65
18 86
6 41
5 44
44 94
11 50
32 93
20 50
29 63
54 92
17 87
24 58
21 79
35 64
34 73
65 69
26 88
75 92
19 50
53 89
6 71
50 90
38 83
39 40
63 78
13 73
65 84
46 93
68 95
2 42
35 46
38 80
25 35
86 100
18 28
63 94
25 49
25 33
36 99
50 54
81 86
18 92
10 36
4 58
48 73
11 46
5 34
22 80
24 65
10 41
49 70
90 100
39 59
2 16
45 100
19 97
11 48
15 25
89 91
14 16
9 42
12 67
14 65
64 67
5 88
7 78
66 71
2 3
8 43
5 51
38 77
48 61
57 88
37 94
16 96
51 64
44 73
25 46
7 94
36 96
7 89
34 40
44 56
13 24
26 39
8 76
9 77
57 70
45 95
17 71
74 99
58 75
13 54
24 29
34 46
71 91
65 99
24 48
32 63
22 59
4 60
1 54
25 91
39 58
28 43
12 45
22 97
19 94
25 66
74 95
11 78
49 60
40 55
65 73
37 92
2 100
53 91
4 30
48 63
2 73
24 88
55 70
13 19
55 92
18 67
10 35
49 59
17 92
13 21
36 69
32 46
5 36
86 92
57 100
64 77
29 39
72 81
44 70
73 100
77 96
3 95
42 82
35 78
42 43
91 98
27 77
68 82
41 57
66 84
36 50
37 75
1 77
44 85
14 25
22 58
33 89
5 67
90 96
57 99
31 51
1 12
27 89
3 67
43 75
19 71
4 92
39 99
56 62
17 68
70 98
29 31
19 76
7 69
16 65
5 30
67 78
27 78
40 41
12 93
63 96
3 14
12 39
36 89
4 66
13 78
20 57
23 58
7 11
48 83
16 43
5 15
59 89
10 95
48 94
13 29
58 94
30 32
35 93
7 52
1 62
49 62
11 99
21 68
30 100
1 21
10 63
8 94
29 45
10 25
21 38
29 71
47 72
54 77
31 100
4 21
35 52
16 21
34 43
46 58
18 46
7 55
17 58
6 85
44 77
21 70
81 93
9 64
41 46
2 69
44 80
42 67
71 90
78 87
56 95
56 97
19 62
82 84
12 62
88 97
3 57
13 64
7 72
7 30
59 81
41 97
13 58
16 84
70 81
76 93
47 52
1 28
13 33
45 93
35 88
82 92
24 63
8 77
3 87
42 57
61 90
38 56
57 85
9 40
73 74
45 53
27 43
26 42
55 77
9 50
72 90
26 61
5 85
66 94
14 44
4 20
14 98
14 26
64 83
10 46
95 96
66 75
28 93
19 74
60 86
57 82
94 96
39 42
14 39
12 66
25 86
51 77
59 86
17 67
55 67
73 84
68 86
6 27
24 33
90 99
12 36
46 76
24 86
74 92
8 83
8 55
27 65
28 97
8 79
18 56
40 89
10 42
2 37
28 86
80 85
28 75
33 71
4 64
60 95
30 69
10 59
89 93
3 49
27 93
3 56
71 77
15 99
51 62
16 54
30 88
29 56
19 42
1 93
60 71
32 70
43 63
4 13
38 54
5 27
36 44
11 98
1 98
50 55
23 31
11 74
54 79
70 94
15 96
69 78
27 39
33 84
36 66
10 21
12 78
6 37
7 75
41 49
20 69
29 66
11 44
37 44
2 65
6 57
46 97
55 58
1 38
39 94
43 65
37 50
16 47
40 93
51 63
5 20
37 71
46 66
62 64
13 32
34 85
29 99
35 69
21 46
7 97
39 68
5 46
24 37
32 85
3 36
14 87
88 89
55 56
76 99
19 43
23 75
14 83
3 97
67 95
8 80
70 78
48 99
37 42
6 69
27 61
28 31
30 33
58 63
84 98
19 89
11 93
36 38
50 86
37 57
75 94
21 42
71 100
14 47
16 52
40 100
87 90
20 24
22 61
8 78
6 23
52 90
53 63
5 55
36 72
57 89
21 27
22 29
21 61
71 87
51 85
34 70
12 58
28 74
20 99
88 95
42 71
28 63
8 73
39 86
22 51
41 76
51 54
9 22
78 85
36 60
54 56
1 90
1 16
20 98
42 62
12 40
48 78
34 39
48 51
65 68
11 76
9 92
30 91
3 59
44 64
73 78
29 37
16 53
15 91
9 24
30 63
37 97
1 59
3 8
35 57
20 96
33 58
31 91
6 64
75 85
8 89
3 44
25 85
42 88
45 57
64 91
28 51
25 88
16 56
9 79
85 98
63 93
62 89
56 80
65 76
26 77
53 72
26 30
20 79
24 89
21 64
25 90
34 86
17 33
21 77
41 51
55 89
41 82
22 83
90 93
2 90
4 74
19 85
58 100
67 91
10 94
50 52
66 90
26 99
34 67
34 95
33 36
2 17
40 83
4 36
24 54
39 98
51 94
11 72
69 72
48 57
19 87
62 91
29 54
21 62
24 66
1 5
50 73
14 85
76 79
36 68
71 74
46 64
7 48
40 63
8 97
46 73
36 87
29 84
10 27
1 64
66 91
65 67
11 29
66 82
23 73
3 4
52 62
76 82
47 56
68 76
26 83
5 28
72 96
22 63
37 82
38 95
43 82
25 52
20 97
20 28
39 88
56 60
5 84
25 94
18 57
63 91
19 25
77 99
59 65
9 49
56 98
33 56
25 31
31 70
28 54
58 86
10 19
76 83
6 48
94 97
33 78
35 45
4 70
24 94
26 72
27 88
11 67
5 78
44 78
67 70
25 83
14 66
13 41
1 52
69 86
32 51
94 95
3 11
5 60
28 89
86 93
24 81
45 72
73 96
11 15
75 95
87 96
2 61
45 56
13 70
19 21
31 96
25 67
8 49
36 92
54 65
8 51
30 85
6 56
11 26
44 66
72 77
43 56
60 62
37 91
26 38
27 52
2 19
4 90
51 65
73 94
41 91
38 86
54 84
16 97
7 17
42 49
12 82
37 46
87 88
7 91
44 47
45 99
22 37
30 49
42 69
87 92
28 88
21 41
35 76
55 80
51 73
26 51
40 53
3 12
33 76
27 40
41 94
61 84
56 92
31 50
18 61
10 51
12 54
22 74
45 78
85 88
39 81
40 90
70 73
34 100
47 60
25 47
16 79
27 30
10 82
36 57
39 92
20 92
10 97
30 51
23 68
31 85
40 51
71 96
21 36
44 84
27 81
82 99
38 81
19 75
23 78
19 37
14 61
44 93
19 93
7 74
12 98
28 41
20 83
21 58
61 85
33 72
24 64
3 65
26 54
38 100
67 76
56 96
74 81
48 71
74 86
38 50
15 51
61 86
24 38
74 76
17 26
77 84
24 32
20 22
19 32
14 63
80 87
21 45
25 29
67 96
60 91
68 90
40 78
73 92
83 100
13 67
44 50
69 93
2 60
29 91
64 80
61 64
54 66
11 100
29 48
7 56
7 61
65 75
4 95
25 40
37 64
15 63
17 23
1 74
86 89
92 97
20 71
20 95
4 52
54 58
4 5
49 93
65 78
11 55
53 96
15 56
37 79
31 60
42 46
22 27
41 100
16 63
5 38
13 68
78 97
24 79
52 67
24 36
18 30
15 22
7 49
13 22
30 47
35 49
17 60
11 94
35 79
47 65
8 58
56 57
64 78
9 18
31 33
90 97
33 57
13 18
19 55
22 46
32 72
30 93
23 82
18 44
32 52
2 30
17 75
16 69
4 100
47 79
3 32
8 19
52 68
23 85
38 85
6 19
40 64
83 97
71 97
11 19
17 94
16 46
12 35
16 26
1 49
13 97
17 28
38 53
51 74
17 39
25 48
28 94
34 64
4 32
9 31
23 40
36 80
31 98
71 81
10 83
35 94
41 95
39 84
39 49
26 43
66 89
23 77
76 92
44 63
61 96
65 91
14 81
36 93
23 34
55 76
93 99
17 62
75 91
5 19
8 28
98 100
23 32
59 66
30 59
25 79
58 59
64 79
5 75
12 56
8 29
36 51
45 55
68 73
50 70
52 58
11 92
19 28
27 96
24 96
14 94
79 81
20 55
49 75
12 41
26 94
13 31
48 67
14 27
45 81
65 87
22 98
59 95
35 92
5 40
9 47
16 30
20 86
15 100
49 82
47 53
48 68
11 45
18 63
22 84
31 87
23 43
37 98
33 94
9 26
3 17
47 50
32 44
80 95
78 79
9 12
31 65
11 68
38 65
21 22
59 94
71 95
15 45
42 59
18 88
81 84
40 56
8 9
65 77
23 52
21 52
26 85
8 12
52 83
45 76
68 80
13 72
52 95
32 95
35 58
26 91
7 99
5 7
58 61
27 47
10 96
26 53
30 70
16 81
1 44
54 61
42 96
76 77
14 68
18 24
40 45
47 90
13 66
62 83
27 91
36 90
40 74
77 81
39 78
62 88
53 61
10 73
47 87
64 85
38 73
9 75
23 74
19 78
59 93
67 81
21 24
45 92
66 74
18 72
3 24
7 85
37 58
53 70
24 49
25 68
9 87
30 92
35 44
63 82
35 81
2 81
2 58
6 16
17 32
17 78
25 64
17 38
27 44
25 97
69 90
31 68
1 36
46 62
12 49
22 28
90 94
9 85
7 16
25 63
28 59
53 62
59 97
29 65
6 30
68 81
12 72
57 58
20 46
25 96
47 91
2 7
48 97
41 89
81 88
22 36
84 86
8 72
41 59
37 54
49 87
20 42
28 62
46 51
14 20
56 100
47 81
12 95
4 50
25 75
8 38
74 78
32 66
21 59
83 96
12 18
23 90
61 72
21 49
71 84
20 29
72 95
63 67
50 78
38 60
27 74
70 83
69 79
31 43
61 63
68 77
28 36
27 46
32 82
63 89
15 20
40 82
53 75
70 95
47 98
16 64
20 100
12 21
46 60
19 24
51 99
49 61
67 90
20 61
19 54
35 42
65 79
29 68
23 55
1 78
26 37
9 95
13 88
12 79
42 91
64 73
21 91
38 57
37 48
11 83
77 98
23 27
73 80
47 84
56 66
5 93
31 59
35 99
90 95
24 60
55 62
79 95
55 97
15 40
35 74
3 42
2 49
2 51
41 77
4 55
15 52
33 73
25 61
25 30
38 67
34 58
18 37
44 90
30 98
12 23
4 89
56 99
59 96
64 65
63 73
8 10
51 78
17 24
14 78
27 63
51 67
63 85
15 78
15 55
26 68
47 61
38 42
62 65
36 76
37 83
67 83
15 49
21 74
13 53
17 81
63 72
10 56
39 64
34 41
87 100
21 39
8 96
36 65
26 52
33 75
68 96
17 100
23 50
4 77
56 58
31 82
13 30
48 72
22 50
50 67
35 47
14 70
78 84
65 97
49 97
3 71
56 74
67 79
82 95
10 16
14 96
65 85
2 24
23 33
43 48
12 22
16 62
77 87
20 64
9 30
57 73
9 45
26 75
25 54
68 87
1 89
6 100
15 21
4 15
28 85
64 99
24 28
84 92
5 91
7 40
28 50
60 61
8 64
31 83
83 90
6 74
22 57
9 76
40 73
10 20
30 43
25 81
53 57
47 89
5 61
24 53
17 77
5 11
49 85
59 68
16 24
1 92
36 61
14 32
67 100
8 31
69 73
4 23
57 75
5 72
28 47
54 59
32 75
48 81
12 46
7 42
5 48
5 94
12 65
5 45
3 54
5 42
15 94
20 73
59 69
59 83
48 53
52 81
23 100
16 85
30 38
9 70
9 69
19 96
60 96
89 95
4 14
22 93
81 98
64 72
69 96
17 19
60 88
64 76
5 50
9 48
32 43
6 88
19 81
42 99
50 80
52 71
27 56
59 77
34 36
27 68
28 87
31 49
46 90
14 91
38 64
22 54
34 59
6 44
49 51
12 94
33 60
2 92
13 16
2 70
27 32
56 93
75 96
6 63
1 53
69 75
14 67
89 96
45 87
6 50
28 29
37 39
16 92
5 68
58 87
92 94
4 47
7 84
32 48
80 82
37 68
13 43
25 70
11 85
23 38
54 90
13 74
22 99
29 90
26 82
29 50
19 66
3 91
68 100
31 35
34 90
3 100
52 69
16 72
29 64
20 51
14 69
32 90
33 38
68 88
31 56
19 29
2 36
10 15
21 72
3 64
31 32
64 98
35 37
46 63
4 9
86 94
23 62
24 41
32 40
59 76
32 47
27 73
49 76
1 97
19 41
15 67
42 61
31 46
84 87
18 49
15 29
50 93
24 70
11 33
45 82
12 15
4 38
17 73
14 17
25 38
18 47
55 73
53 95
1 66
4 34
3 21
27 34
10 92
6 43
61 76
44 76
37 89
15 85
52 70
4 22
44 48
29 60
61 89
41 44
25 65
19 52
50 81
29 88
17 47
20 72
36 47
23 81
55 81
27 54
48 62
36 74
33 50
46 59
4 33
17 42
31 71
48 60
7 73
22 66
21 90
44 74
26 65
3 94
39 90
38 90
26 62
29 41
4 26
24 67
28 83
92 93
29 44
3 66
5 57
83 85
2 4
40 81
41 63
2 62
33 40
31 67
71 85
55 87
12 83
63 95
86 88
12 88
50 64
65 95
15 32
48 58
16 95
48 89
17 56
6 36
1 30
66 83
38 52
5 95
14 82
61 92
40 44
14 100
26 40
18 62
14 92
20 56
24 26
8 30
21 76
27 79
40 87
35 54
38 79
74 80
34 54
22 92
62 99
24 43
6 29
66 85
18 84
61 74
54 91
24 99
28 66
18 99
11 18
67 98
22 40
13 60
8 39
16 80
1 58
77 82
67 88
11 56
50 98
50 71
57 90
23 42
40 96
85 94
52 53
18 52
5 65
15 61
29 42
4 10
14 95
3 89
50 100
42 52
28 92
59 87
58 81
7 14
24 78
41 70
3 43
31 79
4 78
10 69
58 77
24 83
79 93
5 39
20 68
11 31
23 76
16 40
60 83
47 83
44 91
2 68
34 66
35 66
41 99
21 40
74 84
10 45
69 98
76 87
41 86
6 72
46 100
49 71
51 100
55 90
16 32
47 94
1 83
6 87
1 18
63 92
9 38
57 61
35 55
6 59
8 66
55 82
27 69
3 60
51 80
61 82
33 39
3 74
42 77
7 31
60 67
40 52
1 19
25 28
26 29
32 39
52 91
23 67
29 40
29 67
41 50
1 71
24 90
1 65
31 63
14 58
27 87
32 76
64 96
62 98
80 81
3 37
35 39
74 79
45 80
25 98
8 67
18 29
9 58
78 86
21 30
17 51
5 26
35 71
58 95
33 86
74 89
6 7
18 71
37 99
64 100
38 70
25 56
68 74
2 55
15 43
11 24
14 22
63 70
54 70
38 49
3 29
9 17
13 23
35 73
33 85
48 74
18 89
21 78
43 54
44 72
41 79
30 34
8 95
31 74
50 58
2 45
19 90
58 70
53 68
84 95
6 92
6 22
58 68
93 98
38 71
63 71
18 98
67 86
16 27
24 56
32 59
5 18
42 79
97 100
5 86
22 38
28 96
37 63
8 86
20 75
18 96
83 84
68 79
26 31
11 17
13 79
66 96
74 96
6 9
9 67
9 19
8 59
43 83
17 97
56 82
23 60
55 91
67 73
11 70
31 62
32 55
29 46
44 59
18 59
31 57
46 88
13 36
18 64
7 95
69 87
79 90
37 90
69 84
8 85
13 82
5 23
3 84
46 82
16 58
82 90
54 72
22 70
55 66
29 59
54 76
15 59
1 4
3 69
30 83
28 61
30 42
1 61
39 56
39 77
79 99
96 99
91 100
4 72
67 77
10 75
77 85
48 87
9 62
6 46
1 8
45 70
62 84
73 95
31 75
21 47
24 91
36 41
55 57
55 64
65 66
13 27
18 42
22 60
25 77
13 51
20 48
10 70
22 62
10 57
77 92
31 64
82 89
3 93
87 93
2 75
30 55
22 81
14 59
39 66
52 59
29 100
38 92
32 96
65 88
32 68
77 83
29 81
47 97
30 50
11 63
82 86
8 35
83 91
17 69
15 60
7 86
18 80
59 88
21 84
7 81
13 38
36 39
53 74
36 97
27 36
19 83
1 85
16 61
36 54
24 98
17 43
2 57
38 58
54 85
2 27
82 97
44 60
19 98
6 25
23 66
42 83
5 33
30 74
77 90
13 76
1 84
53 71
15 26
63 76
40 72
62 63
5 53
70 97
35 72
29 53
25 51
3 82
43 58
7 92
8 84
2 78
15 37
3 15
24 93
58 60
95 100
85 89
62 68
7 26
20 35
28 40
44 57
55 63
14 40
23 97
26 73
10 48
64 75
27 100
81 82
16 36
21 85
14 52
43 71
11 65
10 55
17 34
2 13
68 75
18 43
29 79
65 82
32 99
14 97
25 89
26 60
21 60
12 26
32 89
57 96
35 90
8 90
10 52
4 29
27 95
65 74
20 37
42 65
33 99
6 75
7 19
12 74
10 33
43 61
58 97
11 34
10 61
40 42
53 86
21 26
64 95
51 69
32 73
35 86
78 83
51 57
4 35
14 56
17 18
34 77
72 83
27 37
31 90
7 100
49 90
40 43
76 88
77 80
3 47
41 47
39 91
62 87
43 97
20 27
22 55
14 23
58 92
62 66
17 55
62 76
72 88
18 100
25 95
60 92
38 84
15 98
51 59
80 92
7 34
57 69
14 28
20 32
28 73
20 47
36 84
62 81
1 23
30 81
28 34
13 57
3 75
21 25
51 87
70 92
1 35
76 78
1 56
61 70
1 17
39 80
15 74
10 31
78 81
53 66
21 28
19 27
83 99
22 30
15 76
3 22
26 49
38 88
10 66
64 74
34 37
25 57
3 48
37 85
37 69
82 83
14 34
5 82
73 98
29 55
13 69
9 33
13 91
85 87
25 87
15 77
10 60
21 50
17 40
6 97
18 78
15 64
1 63
71 76
36 56
2 72
34 76
22 23
34 91
7 9
38 93
54 89
28 99
1 2
19 20
8 41
60 76
8 37
42 74
27 76
13 40
26 69
7 23
19 91
7 93
15 24
36 82
7 46
4 76
6 66
37 66
2 46
44 98
76 90
49 69
32 38
35 36
12 73
1 100
16 59
61 69
54 97
27 59
35 80
26 97
11 96
52 72
43 93
38 45
14 15
33 62
45 47
56 94
5 43
71 83
57 74
58 67
3 77
2 97
43 68
8 46
19 61
16 19
42 95
51 68
1 31
57 66
16 57
11 42
33 43
22 64
28 60
36 81
11 57
45 98
80 97
44 81
56 69
34 74
4 69
31 76
32 57
9 73
37 61
49 67
94 100
41 73
23 99
50 96
29 95
85 90
15 57
40 79
24 84
20 94
20 81
26 95
51 79
3 68
51 96
47 59
62 82
33 44
73 75
11 75
58 91
1 24
54 94
11 87
19 51
32 41
70 79
4 86
96 97
27 31
76 97
16 35
6 86
79 80
22 91
2 5
19 100
2 23
59 67
17 66
27 38
43 73
31 88
25 50
60 72
34 80
15 80
16 94
1 47
6 35
54 100
22 48
14 50
62 80
27 80
11 91
45 84
58 88
14 57
51 89
30 65
4 16
43 59
26 67
17 45
32 62
45 71
19 34
6 18
59 85
41 66
2 84
6 99
7 8
38 89
71 99
70 74
61 65
28 33
35 56
56 76
7 39
34 82
12 96
15 31
38 61
27 66
33 87
17 21
7 22
1 51
3 51
48 95
8 25
32 91
21 73
14 51
50 51
9 27
93 95
39 48
67 93
93 94
11 20
46 95
81 91
13 52
10 40
12 81
20 65
99 100
1 41
7 64
57 86
51 93
30 66
49 55
21 97
13 81
37 81
10 84
39 41
77 91
50 88
20 74
74 75
78 99
35 53
3 31
44 88
10 79
74 93
65 94
63 64
32 65
21 23
93 97
52 86
7 28
53 58
48 79
24 82
64 69
44 86
40 65
27 48
12 75
11 47
1 42
1 76
43 87
31 52
34 38
44 92
9 55
33 80
36 71
18 26
41 81
58 79
78 90
6 17
74 83
5 13
47 69
14 93
1 72
13 15
55 86
49 52
2 63
70 72
9 53
23 48
51 91
5 70
21 96
1 11
37 47
6 80
8 21
12 71
50 63
23 45
20 76
13 86
9 72
23 91
39 96
54 62
46 55
25 74
59 74
45 61
61 88
23 37
16 23
57 60
24 80
28 79
39 97
27 62
20 84
37 51
70 93
44 75
41 54
75 89
16 68
58 89
52 60
37 38
2 11
67 80
38 68
27 97
26 98
23 64
7 41
6 45
64 71
69 94
8 70
18 22
62 73
9 59
10 12
68 71
20 62
28 53
23 56
6 82
92 99
61 87
40 80
41 65
10 47
53 64
39 73
31 61
13 90
17 82
42 75
34 78
46 67
53 65
28 65
49 95
42 94
83 87
43 50
22 47
3 39
23 39
7 77
21 29
32 100
6 38
19 70
17 95
1 68
82 91
69 76
2 52
52 77
5 12
49 89
5 87
36 85
33 64
5 89
58 80
61 75
63 83
15 36
7 58
37 45
25 60
48 66
23 59
50 69
4 49
29 83
42 81
33 83
66 69
59 100
57 72
21 94
9 20
46 69
2 56
9 80
44 58
40 91
34 65
31 48
16 17
55 75
13 62
64 97
52 78
22 49
51 70
31 37
24 100
89 92
79 85
4 59
29 87
17 59
38 99
11 82
15 79
42 72
3 26
23 86
5 8
24 62
37 72
41 78
33 96
10 89
32 49
80 94
6 28
37 65
75 79
9 46
15 93
22 89
63 97
43 76
2 6
73 85
19 39
70 87
8 22
74 94
22 45
33 47
22 100
8 13
34 49
57 71
7 25
11 27
18 68
3 83
42 63
69 81
33 91
2 59
88 92
33 35
18 54
18 75
25 26
84 93
22 52
4 63
25 55
18 50
5 59
75 77
23 36
27 85
44 95
86 87
63 79
7 70
2 22
26 33
41 42
4 6
45 69
47 54
49 57
8 63
15 42
93 96
60 89
5 16
36 40
80 89
30 44
17 53
16 99
61 73
42 92
30 57
16 89
16 66
3 28
7 38
66 72
25 78
6 14
21 37
22 90
57 59
56 87
65 92
56 75
41 45
22 44
32 64
41 93
67 84
44 69
23 35
63 90
57 68
46 71
13 77
69 83
18 53
11 28
62 67
2 34
43 88
75 88
75 80
25 72
45 74
64 94
30 60
23 57
16 90
12 31
68 85
31 73
10 80
76 84
29 86
12 100
47 71
14 53
68 92
18 74
28 32
13 93
60 84
20 63
84 99
27 82
50 79
5 22
17 49
38 55
60 79
54 73
11 43
20 21
19 68
42 80
97 99
24 45
35 48
18 36
1 3
40 86
62 94
91 96
70 90
44 67
43 72
19 77
7 59
60 100
54 99
53 81
39 72
15 54
52 88
9 28
20 93
50 85
20 67
63 98
1 57
61 62
27 86
24 27
54 74
8 56
32 37
10 67
30 73
24 97
4 83
3 98
19 31
18 39
72 74
35 43
42 87
58 72
14 88
59 63
10 44
48 100
31 77
17 74
30 86
42 58
41 87
47 95
31 69
45 88
36 62
13 96
13 63
28 45
68 91
16 44
1 45
31 54
29 32
36 100
25 37
19 38
15 16
72 73
39 93
21 32
16 71
74 97
6 51
7 96
15 28
11 69
11 12
7 57
28 57
44 53
11 41
19 35
10 76
25 39
6 77
4 73
23 83
39 63
26 84
26 35
61 93
43 70
46 99
53 82
30 64
46 72
55 61
4 11
23 69
3 70
44 46
52 98
10 85
93 100
23 25
34 68
23 28
3 52
24 52
23 72
39 62
41 52
62 75
30 71
72 82
71 72
4 80
4 17
4 71
57 93
5 90
66 76
23 84
69 70
1 69
31 86
53 88
60 90
69 91
17 72
24 50
56 71
5 64
4 25
16 41
38 97
39 44
56 64
21 69
10 91
9 32
80 98
73 82
8 16
85 91
60 73
22 86
27 45
58 65
62 100
27 53
4 56
21 34
18 41
16 31
28 55
11 52
43 84
9 39
75 100
30 67
2 74
18 38
8 20
10 100
43 49
33 48
60 82
69 80
64 84
67 97
28 30
73 89
79 88
48 64
4 62
56 68
4 19
10 72
49 79
6 93
22 78
38 75
17 85
54 60
33 66
62 78
6 78
77 78
87 94
10 68
45 63
52 63
81 99
28 98
74 91
16 74
8 92
22 71
4 93
1 37
33 93
40 68
10 98
42 78
22 75
35 95
14 37
21 87
81 85
14 80
29 58
10 87
63 69
47 75
12 19
41 56
53 80
21 88
31 36
41 88
53 67
24 76
67 85
1 10
3 72
19 49
27 84
16 98
16 91
62 95
63 100
50 97
8 48
49 91
1 9
69 100
72 85
28 90
47 80
8 36
31 95
91 93
12 89
12 51
63 99
4 97
37 84
65 81
12 50
73 91
32 78
46 87
23 24
4 41
2 29
16 48
41 84
2 79
79 86
31 80
50 92
11 40
13 65
41 96
33 90
53 94
55 85
47 57
20 41
8 14
10 34
43 51
6 90
52 80
32 94
19 99
43 67
92 95
49 81
41 92
15 72
30 54
62 86
22 24
51 95
2 14
28 82
2 98
37 56
49 78
33 49
18 91
8 88
19 95
44 61
20 30
38 63
9 37
23 80
24 34
47 88
20 36
40 92
6 79
33 70
77 86
3 30
10 54
3 40
29 52
8 81
21 92
2 47
90 98
73 97
28 72
76 95
45 86
61 97
8 52
50 53
17 90
47 77
46 75
51 52
10 29
45 60
49 74
34 83
66 67
67 75
23 26
30 90
74 100
5 62
21 55
8 27
12 42
2 18
84 85
30 94
66 92
41 72
37 59
26 90
17 36
59 72
18 76
67 72
33 55
23 63
35 41
19 48
86 90
3 73
26 70
67 87
58 78
49 58
59 62
13 47
73 79
48 55
39 89
37 62
2 77
18 93
9 74
40 61
33 59
62 90
80 91
4 61
23 92
15 41
4 24
18 87
9 44
2 10
8 44
29 75
62 96
17 46
48 54
4 94
61 91
66 87
68 83
77 100
14 79
20 44
11 36
46 70
98 99
34 45
54 71
29 98
88 91
28 91
34 75
85 86
6 98
26 27
73 99
45 89
79 87
15 73
78 94
23 98
60 94
58 99
47 49
37 76
54 67
6 8
23 89
30 53
12 43
29 72
32 45
38 91
42 98
25 27
28 64
21 71
59 82
33 53
11 89
6 26
34 47
10 13
77 94
49 96
19 45
56 77
36 48
66 100
92 96
53 98
58 64
73 87
45 66
28 49
18 20
15 69
30 84
45 48
21 57
69 85
14 55
57 78
26 57
63 86
14 60
46 53
59 80
84 94
5 29
8 11
28 78
43 80
2 8
48 96
24 55
13 59
20 60
75 81
29 49
49 83
91 94
41 55
21 54
18 73
16 77
25 71
12 25
34 94
56 86
7 67
58 90
46 79
51 81
70 76
72 92
10 77
40 62
6 83
48 84
60 78
20 34
31 47
26 86
37 80
16 70
1 14
58 85
15 75
17 86
24 92
19 40
35 84
37 53
2 86
25 62
39 47
15 65
23 93
74 82
87 95
18 60
52 99
21 83
67 92
27 99
35 51
13 87
70 77
70 91
52 82
79 91
11 97
90 92
78 82
56 85
6 42
4 39
3 5
64 82
1 39
9 63
40 85
58 98
8 54
9 13
40 66
32 74
11 13
19 73
9 96
86 97
52 100
6 58
37 67
4 44
19 47
28 42
55 69
29 34
15 30
87 97
14 30
57 77
8 61
22 53
9 90
20 80
40 46
13 25
9 41
42 76
48 50
51 82
77 89
12 90
63 88
14 71
72 87
17 61
9 51
73 86
71 94
22 79
5 58
52 65
49 68
7 36
43 74
45 83
44 97
42 100
4 85
51 55
1 43
50 61
54 57
16 33
52 93
24 35
44 62
6 55
20 54
1 50
11 60
48 92
37 93
16 45
27 71
19 44
49 88
34 57
17 44
31 84
6 62
11 58
84 91
25 53
30 75
5 69
3 9
18 45
22 65
32 87
46 98
96 98
3 35
7 90
21 44
8 87
32 60
18 77
62 79
17 76
10 22
12 32
42 90
89 98
19 56
20 49
75 83
49 66
2 33
9 89
31 94
92 98
41 61
63 80
39 45
1 75
12 37
27 41
24 71
41 74
40 47
45 64
42 56
67 99
91 92
4 91
29 35
8 99
58 82
30 41
6 20
32 69
8 53
59 75
11 90
11 88
23 51
58 74
11 39
49 80
13 100
33 97
10 24
34 93
9 29
4 98
17 35
73 77
13 45
6 47
9 99
10 58
36 88
36 70
42 89
38 43
43 45
77 79
9 78
51 72
17 99
25 92
62 72
56 72
23 49
76 98
68 72
15 66
23 44
27 50
1 20
21 48
5 10
81 100
2 99
1 46
20 39
31 66
15 38
82 100
53 78
20 91
30 31
28 70
43 69
28 100
4 31
70 88
28 46
55 59
55 98
66 81
47 74
59 90
44 68
42 73
32 36
54 82
89 100
71 73
54 93
35 61
54 81
35 91
5 21
27 29
66 93
34 52
78 95
51 66
43 100
3 58
25 41
8 33
30 96
17 65
54 75
30 80
11 32
15 89
60 64
22 68
69 99
2 82
77 97
41 64
6 73
78 89
16 50
14 75
19 65
11 77
22 67
12 76
60 81
39 54
80 88
10 86
33 68
39 76
20 70
7 29
45 59
13 44
78 88
12 34
66 77
13 83
70 99
34 35
26 34
21 31
46 49
32 84
3 81
70 85
72 76
48 88
4 45
34 79
43 46
47 78
72 80
10 37
6 12
2 54
38 40
1 94
19 63
12 97
58 96
43 94
61 67
59 99
38 51
50 56
60 85
43 90
37 40
2 85
58 66
58 69
49 77
86 99
61 79
34 61
44 99
47 66
59 84
50 74
27 67
12 59
6 89
61 95
31 78
31 97
89 99
46 54
10 78
73 76
44 65
2 53
12 27
22 42
13 17
65 80
21 63
18 35
9 91
18 19
69 88
2 20
3 13
23 53
14 62
39 51
12 24
91 97
30 52
63 87
44 82
69 74
43 98
75 98
57 64
9 68
42 48
8 100
15 88
83 94
26 36
24 57
15 95
64 81
30 87
33 98
5 52
27 33
5 96
48 76
27 90
34 88
19 84
36 77
3 33
20 88
11 21
30 78
16 34
72 91
55 71
32 50
4 7
7 53
55 79
26 47
35 87
72 86
73 81
79 83
57 65
7 21
48 59
40 75
2 64
3 78
3 6
32 79
88 96
3 79
3 76
24 46
62 69
17 96
22 25
11 64
35 97
25 32
39 53
76 94
1 70
12 47
6 67
2 89
40 95
1 34
7 87
18 90
16 25
53 59
28 67
11 51
25 45
65 100
12 80
42 70
57 98
7 51
52 57
26 80
41 67
72 97
13 14
12 13
8 65
13 94
61 71
73 90
36 63
29 69
12 53
10 18
39 60
23 96
87 89
8 91
6 10
7 24
7 71
43 85
2 43
13 92
24 31
49 72
17 29
56 59
2 21
33 37
21 35
2 94
1 15
39 57
14 36
68 84
88 93
7 43
16 75
4 18
39 95
30 76
1 55
70 86
86 91
24 25
26 55
75 93
9 35
74 85
47 86
72 94
32 92
31 58
78 91
52 55
30 89
26 66
39 75
75 86
38 59
4 68
6 76
65 86
29 38
82 94
42 97
72 99
31 99
29 51
27 28
6 13
2 88
13 56
2 25
32 61
22 85
55 83
4 87
37 52
22 43
2 28
74 90
13 37
14 90
13 28
25 43
42 45
11 84
45 85
14 48
10 99
68 94
4 37
45 79
38 62
47 99
47 73
1 13
9 36
26 50
30 97
62 92
53 90
65 93
12 99
37 49
39 69
46 80
40 76
62 97
50 84
80 90
66 86
83 89
24 87
82 85
32 42
12 48
88 99
6 81
59 79
47 58
44 89
5 66
4 88
76 80
12 14
43 91
5 99
17 41
48 49
32 98
12 84
41 58
22 34
1 26
70 75
18 33
41 85
86 96
12 69
5 54
13 46
1 80
15 17
49 94
11 30
37 70
24 85
45 65
51 71
21 99
33 67
40 48
43 47
12 61
14 89
15 46
11 79
18 94
39 79
28 39
5 83
82 96
31 42
20 53
18 97
31 81
15 58
60 93
78 98
23 30
19 33
34 99
2 95
35 70
6 96
1 81
2 15
28 58
3 45
1 25
39 61
57 76
57 95
9 61
29 74
19 58
